# transform file transforms/talairach.lta
# created by freesurfer_user on Tue Jul 11 12:26:00 2017

type      = 0 # LINEAR_VOX_TO_VOX
nxforms   = 1
mean      = 134.0000 111.0000 96.0000
sigma     = 10000.0000
1 4 4
1.084646940231323e+00 1.210977435112000e-01 1.875433325767517e-01 -4.540995788574219e+01 
-7.759577780961990e-02 1.095242500305176e+00 1.080262064933777e-01 6.409008026123047e+00 
-1.265246570110321e-01 -1.422263383865356e-01 1.002674102783203e+00 4.542609024047852e+01 
0.000000000000000e+00 0.000000000000000e+00 0.000000000000000e+00 1.000000000000000e+00 
src volume info
valid = 1  # volume info valid
filename = nu.mgz
volume = 256 256 256
voxelsize = 1.000000000000000e+00 1.000000000000000e+00 1.000000000000000e+00
xras   = -1.000000000000000e+00 0.000000000000000e+00 0.000000000000000e+00
yras   = 0.000000000000000e+00 0.000000000000000e+00 -1.000000000000000e+00
zras   = 0.000000000000000e+00 1.000000000000000e+00 0.000000000000000e+00
cras   = -2.318443298339844e+00 5.496084594726562e+01 -7.171798706054688e+00
dst volume info
valid = 1  # volume info valid
filename = /Applications/freesurfer/average/RB_all_2016-05-10.vc700.gca
volume = 256 256 256
voxelsize = 1.000000000000000e+00 1.000000000000000e+00 1.000000000000000e+00
xras   = -1.000000000000000e+00 0.000000000000000e+00 0.000000000000000e+00
yras   = 0.000000000000000e+00 0.000000000000000e+00 -1.000000000000000e+00
zras   = 0.000000000000000e+00 1.000000000000000e+00 0.000000000000000e+00
cras   = 0.000000000000000e+00 0.000000000000000e+00 0.000000000000000e+00
