# transform file transforms/talairach.lta
# created by freesurfer_user on Tue Jul 11 13:43:30 2017

type      = 0 # LINEAR_VOX_TO_VOX
nxforms   = 1
mean      = 121.0000 102.0000 98.0000
sigma     = 10000.0000
1 4 4
1.014393091201782e+00 -1.240185648202896e-01 -2.747039077803493e-03 1.475478935241699e+01 
1.340679675340652e-01 1.059092044830322e+00 2.208027541637421e-01 -2.266152000427246e+01 
-2.418196946382523e-02 -2.128540128469467e-01 9.375722408294678e-01 4.450693511962891e+01 
0.000000000000000e+00 0.000000000000000e+00 0.000000000000000e+00 1.000000000000000e+00 
src volume info
valid = 1  # volume info valid
filename = nu.mgz
volume = 256 256 256
voxelsize = 1.000000000000000e+00 1.000000000000000e+00 1.000000000000000e+00
xras   = -1.000000000000000e+00 0.000000000000000e+00 0.000000000000000e+00
yras   = 0.000000000000000e+00 0.000000000000000e+00 -1.000000000000000e+00
zras   = 0.000000000000000e+00 1.000000000000000e+00 0.000000000000000e+00
cras   = -2.318443298339844e+00 5.496084594726562e+01 -7.171798706054688e+00
dst volume info
valid = 1  # volume info valid
filename = /Applications/freesurfer/average/RB_all_2016-05-10.vc700.gca
volume = 256 256 256
voxelsize = 1.000000000000000e+00 1.000000000000000e+00 1.000000000000000e+00
xras   = -1.000000000000000e+00 0.000000000000000e+00 0.000000000000000e+00
yras   = 0.000000000000000e+00 0.000000000000000e+00 -1.000000000000000e+00
zras   = 0.000000000000000e+00 1.000000000000000e+00 0.000000000000000e+00
cras   = 0.000000000000000e+00 0.000000000000000e+00 0.000000000000000e+00
